dataupload/mapgen/bins/input/orotn200m.asc
NCOLS 582
NROWS 489
CELLSIZE 200.000
XLLCENTER 612367
YLLCENTER 5059545
NODATA_VALUE -9999.000
[rows 150 to 174 of 489, columns 399 to 455 of 582]
1222.365967 1205.055054 1112.244995 1180.998047 1329.890991 1321.142944 1333.895996 1322.879028 1326.94104 1287.616943 1333.670044 1336.853027 1332.785034 1275.008057 1241.520996 1274.19397 1319.697021 1326.530029 1326.503052 1162.180054 1218.333008 1274.776001 1330.999023 1408.982056 1464.115967 1481.659058 1476.362061 1443.494995 1382.317993 1470.493042 1536.776001 1462.027954 1527.829956 1626.113037 1716.194946 1724.667969 1775.170044 1807.462036 1812.084961 1644.689941 1518.371948 1517.676025 1643.990967 1761.467041 1868.962036 1820.057007 1844.901978 1972.088013 2097.663086 1962.203003 1994.55896 1987.203979 2076.989014 2182.333984 2104.310059 2070.197021 2060.50293
1314.964966 1254.043945 1153.813965 1196.386963 1349.659058 1385.761963 1390.574951 1398.728027 1419.720947 1349.396973 1389.73999 1430.272949 1415.105957 1341.899048 1294.102051 1349.765015 1379.238037 1413.051025 1373.514038 1235.250977 1226.723999 1301.166992 1381.910034 1433.402954 1463.666016 1494.040039 1517.733032 1509.58606 1498.409058 1553.644043 1579.745972 1523.859009 1577.19104 1729.292969 1787.286011 1787.978027 1805.590942 1850.703003 1871.505981 1640.890991 1548.522949 1537.348022 1607.162964 1744.838013 1847.083984 1942.889038 1928.354004 1921.140015 2109.36499 2099.835938 2034.332031 2061.937012 2129.4021 2196.738037 2160.974121 2085.410889 2130.798096
1322.152954 1259.272949 1180.342041 1259.984985 1383.968018 1468.571045 1471.793945 1482.416016 1511.708984 1470.14502 1433.817993 1453.411011 1479.293945 1387.276978 1336.880005 1375.802979 1456.946045 1477.900024 1497.613037 1301.948975 1240.302002 1297.425049 1364.027954 1455.301025 1513.723999 1532.137939 1567.68103 1571.244019 1536.246948 1625.532959 1652.194946 1567.978027 1589.250977 1732.422974 1849.005981 1847.409058 1864.161987 1888.844971 1905.577026 1638.142944 1570.715942 1544.449951 1605.416016 1705.100952 1798.097046 1946.203003 2037.008057 2032.514038 2112.039062 2195.219971 2099.385986 2064.971924 2127.316895 2215.143066 2267.049072 2271.575928 2260.042969
1334.186035 1286.765991 1222.285034 1243.657959 1364.610962 1573.284058 1590.837036 1595.51001 1609.203003 1551.619995 1526.343018 1523.845947 1541.989014 1433.442017 1471.296021 1476.779053 1518.491943 1590.464966 1588.397949 1368.244995 1301.748047 1280.261963 1362.85498 1439.718018 1492.131958 1585.454956 1622.817993 1630.852051 1605.86499 1686.110962 1750.203979 1658.046997 1616.579956 1726.892944 1909.327026 1922.160034 1899.233032 1914.855957 1934.269043 1640.06604 1573.759033 1566.853027 1633.269043 1743.89502 1859.589966 1960.436035 2055.162109 2136.106934 2125.802979 2239.245117 2132.330078 2106.085938 2162.491943 2254.488037 2315.513916 2369.871094 2381.568115
1371.178955 1314.979004 1261.409058 1230.281006 1280.515015 1368.498047 1485.581055 1517.723999 1609.008057 1646.41394 1658.857056 1609.000977 1577.91394 1571.427002 1567.360962 1558.553955 1630.136963 1643.120972 1622.244019 1399.350952 1337.824951 1292.848022 1355.141968 1461.405029 1550.009033 1709.692017 1762.276001 1718.909058 1698.133057 1770.219971 1829.373047 1796.656982 1667.869995 1747.463013 1936.587036 1966.550049 1964.854004 1951.087036 1949.970947 1637.078003 1592.552002 1606.615967 1663.232056 1778.437988 1892.404053 2098.259033 2128.655029 2196.720947 2263.086914 2236.599121 2183.735107 2155.470947 2255.416992 2243.572021 2208.769043 2302.815918 2404.954102
1432.442017 1419.381958 1344.021973 1302.515015 1276.517944 1280.880981 1339.724976 1400.998047 1460.942017 1726.397949 1713.781982 1668.525024 1654.958984 1666.702026 1664.625977 1689.708984 1697.562988 1714.875977 1639.329956 1466.717041 1368.870972 1312.084961 1337.767944 1455.712036 1577.595947 1729.410034 1828.733032 1814.857056 1790.970947 1889.368042 1917.802002 1837.906006 1725.380005 1710.552979 1858.116943 2010.831055 2014.38501 2006.889038 1970.031982 1644.339966 1601.063965 1629.629028 1716.795044 1837.71106 1918.266968 2118.093018 2211.898926 2241.504883 2255.010986 2153.133057 2116.128906 2204.38501 2341.940918 2310.437012 2241.593994 2289.210938 2356.898926
1484.824951 1542.234985 1522.584961 1511.027954 1420.93103 1372.785034 1364.407959 1354.041992 1397.495972 1691.662964 1773.58606 1734.76001 1731.604004 1733.656982 1745.100952 1774.44397 1771.468018 1754.692017 1641.115967 1501.703979 1402.046997 1336.880981 1323.974976 1489.80896 1589.662964 1748.046997 1849.401001 1937.875 1918.889038 1949.237061 1978.061035 1904.61499 1772.509033 1749.963013 1831.307007 2005.520996 2067.035889 2053.469971 1981.083984 1666.243042 1658.366943 1685.621948 1780.108032 1933.94397 1984.910034 2091.645996 2250.302979 2265.858887 2361.985107 2097.467041 2092.782959 2152.969971 2268.855957 2402.731934 2385.279053 2450.125977 2475.924072
1576.228027 1603.998047 1723.537964 1611.630981 1595.875 1520.537964 1496.031982 1447.56604 1385.650024 1529.536987 1657.240967 1782.714966 1800.218018 1819.671997 1847.385986 1839.72998 1819.213989 1800.728027 1712.442017 1541.130005 1444.313965 1361.118042 1347.812012 1444.416016 1597.550049 1671.18396 1797.787964 1883.762939 1972.707031 1990.765015 1951.060059 1888.92395 1809.918945 1828.522949 1893.037964 1951.302002 2030.217041 2134.770996 2049.595947 1681.85498 1703.749023 1758.964966 1902.171021 2062.437012 2135.893066 2156.939941 2315.416016 2434.832031 2289.589111 2068.960938 2021.317993 2078.964111 2173.910889 2191.066895 2251.323975 2327.341064 2362.029053
1666.21106 1663.19104 1779.551025 1758.343994 1732.277954 1664.842041 1622.56604 1497.430054 1396.384033 1487.71106 1621.35498 1750.769043 1825.822998 1890.886963 1907.130981 1888.984985 1857.688965 1836.483032 1757.197021 1580.31604 1492.48999 1407.073975 1372.588989 1451.873047 1575.217041 1672.462036 1725.995972 1820.540039 1939.015015 2026.864014 2011.149048 1931.493042 1863.807983 1872.623047 1888.267944 1984.203003 2059.416992 2114.281982 2045.967041 1707.357056 1717.342041 1796.967041 1917.854004 2104.610107 2263.856934 2216.653076 2316.679932 2367.575928 2206.433105 2020.926025 2021.141968 2002.519043 2013.60498 2050.291992 2098.37793 2157.456055 2186.914062
1725.573975 1760.69397 1807.14502 1883.396973 1855.401978 1786.406006 1690.01001 1532.66394 1432.447998 1443.036011 1577.52002 1656.114014 1783.348022 1935.982056 1954.32605 1925.290039 1900.713989 1870.609009 1797.012939 1593.982056 1541.145996 1470.321045 1434.265015 1479.640015 1594.593994 1660.168945 1777.713013 1836.498047 1872.021973 2090.612061 2081.406982 1993.442017 1982.407959 1965.812988 1953.767944 2032.383057 2064.0979 2160.702881 1959.369019 1726.779053 1746.295044 1807.439941 1966.876953 2168.782959 2316.360107 2362.51709 2340.143066 2316.310059 2183.246094 2002.26001 1997.176025 1884.883057 1864.209961 1913.55603 1952.993042 2013.791016 2040.839966
1816.536987 1806.787964 1906.907959 1960.331055 1973.994995 1895.409058 1771.483032 1601.077026 1497.982056 1427.099976 1555.114014 1683.157959 1806.152954 2001.036987 1991.93103 1963.944946 1935.880005 1912.973999 1865.718994 1682.868042 1606.322998 1536.886963 1465.641968 1497.587036 1593.090942 1746.365967 1875.70105 1895.776001 1917.150024 2071.680908 2152.166016 2061.781982 2061.666992 2054.181885 2040.407959 2061.144043 2153.329102 2075.004883 1865.869995 1776.390991 1816.906982 1903.453003 1972.050049 2129.176025 2343.343018 2479.22998 2266.447021 2231.833984 2188.830078 1959.473999 1881.240967 1797.248047 1787.614014 1820.740967 1886.828003 1950.246948 1988.155029
1883.900024 1867.090942 1896.350952 1958.303955 2020.137939 1959.292969 1809.967041 1684.860962 1550.526001 1451.91394 1571.918945 1696.322998 1800.916992 1972.791992 2029.57605 1993.449951 1980.665039 1951.050049 1871.045044 1764.593994 1654.448975 1527.994019 1472.06897 1526.073975 1609.708984 1726.103027 1869.917969 1956.743042 1971.338013 2119.908936 2202.225098 2131.450928 2133.625977 2122.9021 2061.657959 2125.114014 2206.649902 1996.55603 1831.411987 1876.343994 1974.780029 2055.666016 2103.99292 2179.399902 2327.176025 2330.052979 2233.370117 2092.116943 2049.154053 1843.677979 1746.255005 1710.822021 1719.208984 1785.036011 1836.902954 1879.072021 1919.790039
1921.493042 1963.093994 1997.68396 2009.526978 2076.461914 2016.115967 1921.600952 1762.035034 1615.499023 1525.608032 1554.333008 1692.136963 1774.082031 1911.847046 2074.131104 2049.256104 2018.339966 1993.915039 1942.780029 1831.089966 1654.484985 1507.880005 1487.185059 1602.420044 1648.015991 1754.301025 1869.965942 2038.401001 2047.526001 2107.866943 2196.604004 2205.23999 2206.545898 2178.971924 2078.008057 2188.043945 2085.061035 1944.077026 1829.662964 1987.186035 2108.842041 2173.539062 2298.206055 2228.173096 2414.02002 2295.636963 2119.763916 2023.821045 1942.267944 1753.921997 1679.458984 1651.985962 1683.42395 1730.390991 1781.088013 1818.136963 1842.86499
1854.796021 1962.416992 2038.866943 2094.120117 2135.084961 2084.379883 1932.254028 1774.979004 1641.853027 1588.052979 1565.276978 1639.192017 1761.146973 1856.791016 2061.025879 2101.410889 2065.295898 2046.110962 1998.526001 1772.206055 1614.682007 1523.587036 1512.541992 1657.597046 1715.453003 1779.218018 1855.782959 1989.157959 2098.464111 2098.166016 2228.501953 2270.029053 2280.675049 2203.63208 2141.988037 2240.89502 2083.861084 1929.008057 1833.045044 2051.528076 2189.475098 2363.551025 2437.028076 2268.325928 2370.572998 2267.030029 2216.237061 2026.155029 1918.871948 1755.145996 1681.293945 1637.321045 1611.358032 1662.314941 1716.093018 1753.791016 1782.339966
1884.149048 1915.800049 2032.421021 2105.73291 2182.778076 2120.393066 1967.228027 1788.003052 1686.057007 1695.036987 1613.472046 1603.707031 1706.551025 1812.786011 1963.901001 2108.045898 2122.770996 2109.516113 1993.072021 1731.373047 1606.547974 1548.812988 1537.109009 1679.604004 1775.390015 1830.494995 1877.46106 2000.166016 2085.490967 2169.753906 2234.750977 2329.008057 2329.233887 2262.210938 2207.518066 2208.965088 2041.942017 1924.259033 1926.235962 2029.319946 2197.24707 2278.053955 2402.831055 2219.458984 2181.535889 2088.663086 2040.840942 1966.328003 1899.206055 1762.949951 1702.557983 1645.295044 1567.062988 1599.170044 1647.838013 1650.446045 1679.584961
1988.592041 1961.162964 2024.364014 2146.836914 2214.691895 2154.457031 2002.090942 1791.456055 1793.020996 1861.21106 1748.095947 1680.661011 1711.755981 1756.45105 1829.55603 2008.390991 2149.865967 2096.14209 1899.746948 1667.828979 1650.534058 1564.339966 1563.214966 1708.041016 1799.296997 1852.572021 1932.828003 2045.093994 2190.979004 2183.001953 2228.809082 2299.616943 2384.624023 2333.900879 2253.637939 2124.216064 2047.603027 1996.47998 1968.177002 2048.511963 2093.499023 2185.066895 2374.914062 2170.082031 2083.198975 1983.927002 1906.264038 1849.041992 1796.869019 1761.555054 1707.582031 1637.050049 1533.286987 1535.35498 1572.782959 1597.360962 1615.800049
2064.304932 2006.776001 2033.727051 2151.939941 2230.564941 2133.469971 2006.64502 1815.630005 1840.35498 2017.005005 1871.061035 1792.985962 1779.600952 1724.436035 1799.480957 1938.015991 2167.211914 2064.416992 1897.432983 1859.494995 1714.060059 1614.08606 1625.791992 1794.397949 1880.66394 1921.869019 1975.314941 2055.541016 2208.5271 2199.180908 2236.0979 2306.466064 2455.802979 2331.650879 2197.458008 2096.275879 2055.022949 2025.831055 2028.078979 2078.474121 2073.511963 2181.648926 2227.616943 2249.564941 2090.781982 1953.280029 1859.267944 1805.745972 1744.213013 1704.05896 1648.755981 1576.404053 1512.602051 1497.150024 1513.607056 1530.965942 1574.215942
2055.647949 2070.138916 2042.869995 2132.603027 2222.268066 2091.093018 1948.598999 1863.904053 1901.869019 2058.889893 1994.974976 1884.550049 1838.875 1756.161011 1829.656006 1956.510986 2103.50708 2035.932983 1927.928955 1996.161011 1821.276978 1747.373047 1684.529053 1853.61499 1934.860962 1971.866943 2023.512939 2080.229004 2209.094971 2281.888916 2291.26709 2377.004883 2409.501953 2253.439941 2151.35791 2091.645996 2061.803955 2094.662109 2145.73999 2179.555908 2171.313965 2187.741943 2229.340088 2161.87793 2083.736084 2007.822998 1894.260986 1824.779053 1761.166992 1660.412964 1584.140991 1536.868042 1471.715942 1467.604004 1471.041992 1495.801025 1540.421021
2138.980957 2120.662109 2095.903076 2152.565918 2159.200928 2020.536987 1932.991943 1942.527954 1996.503052 2104.404053 2119.628906 2002.515015 1888.140015 1818.06604 1872.831055 1956.766968 2091.162109 2062.327881 2039.823975 2060.5271 1947.072998 1824.869019 1773.015015 1920.911011 2006.618042 2042.843994 2056.300049 2109.835938 2292.083008 2184.297119 2143.63501 2156.99292 2205.922119 2129.780029 2019.988037 2003.036011 2122.304932 2295.012939 2297.381104 2424.248047 2403.746094 2225.485107 2115.022949 2049.430908 1973.348999 1898.487061 1888.824951 1879.373047 1801.850952 1669.546997 1586.714966 1515.402954 1446.70105 1441.489014 1499.636963 1573.706055 1627.546021
2222.283936 2151.36499 2182.285889 2196.678955 2081.915039 1998.709961 1968.355957 2032.870972 2061.596924 2093.758057 2173.404053 2103.138916 1947.405029 1932.819946 1869.365967 1981.212036 2046.406982 2206.394043 2170.830078 2140.123047 2016.899048 1920.064941 1820.362061 2004.498047 2061.925049 2102.791016 2124.237061 2166.293945 2321.179932 2185.625 2107.593994 2108.291992 2087.801025 2081.579102 1944.328003 1964.447021 2050.514893 2200.503906 2210.562988 2360.810059 2288.849121 2209.907959 2165.395996 2055.614014 1938.871948 1872.359985 1845.817993 1853.276001 1786.244019 1663.850952 1579.958984 1501.737061 1447.484985 1446.19397 1531.102051 1601.870972 1661.051025
2167.666992 2264.387939 2237.639893 2204.791992 2139.197998 2125.634033 2104.579102 2121.89502 2116.131104 2157.1521 2195.788086 2186.884033 2014.928955 1965.025024 1869.071045 1902.886963 2085.74292 2164.188965 2313.016113 2224.009033 2068.746094 1963.712036 1872.958984 2084.835938 2139.832031 2151.968994 2185.006104 2193.971924 2285.579102 2221.004883 2117.012939 2031.501953 1953.770996 1918.060059 1906.139038 1886.378052 1955.395996 2053.004883 2159.053955 2238.082031 2169.840088 2142.668945 2090.827881 2028.426025 1947.833984 1848.922974 1797.140991 1791.958984 1732.228027 1612.134033 1546.412964 1488.750977 1402.27002 1452.307983 1535.756958 1597.83606 1658.095947
2055.422119 2178.894043 2336.85498 2352.827881 2243.773926 2178.310059 2169.196045 2180.312012 2180.167969 2204.48999 2239.555908 2163.072021 2041.387939 1872.063965 1869 1926.875977 2098.89209 2186.819092 2269.935059 2265.468994 2082.775879 1967.072998 1929.198975 2125.145996 2281.98291 2227.909912 2238.936035 2244.093018 2260.889893 2088.385986 2010.834961 1918.392944 1841.901978 1840.990967 1814.849976 1807.28894 1861.758057 1959.817017 2058.375 2092.653076 2054.112061 2019.510986 1992.759033 1954.407959 1918.447021 1840.974976 1770.024048 1747.432007 1732.590942 1573.807983 1513.317017 1446.954956 1377.093994 1450.052979 1520.250977 1571.571045 1636.890991
1975.77002 2127.510986 2264.552979 2306.335938 2301.971924 2215.697998 2226.664062 2240.310059 2238.966064 2241.749023 2171.044922 2013.291016 1917.447021 1873.373047 1906.509033 2080.185059 2179.63208 2222.738037 2302.905029 2226.648926 2142.295898 1996.272949 1990.589966 2103.335938 2275.042969 2362.129883 2298.346924 2296.124023 2290.041016 2178.177002 2020.33606 1847.344971 1811.772949 1753.411987 1723.161011 1754.839966 1834.269043 1923.547974 1984.427002 1996.084961 1954.374023 1917.852051 1896.130981 1866.630005 1858.53894 1838.407959 1742.05603 1693.255005 1666.713989 1554.651978 1481.291016 1425.938965 1354.037964 1422.526978 1506.225952 1567.81604 1632.675049
1885.246948 2053.829102 2105.311035 2248.583984 2347.969971 2281.855957 2282.343018 2275.938965 2266.034912 2156.227051 2041.384033 1927.22998 1884.475952 1883.812012 1995.947998 2115.814941 2190.980957 2343.518066 2374.794922 2265.569092 2174.395996 2125.042969 2092.98999 2145.75708 2341.533936 2465.811035 2393.498047 2337.064941 2319.681885 2167.0979 1952.857056 1818.595947 1736.39502 1671.563965 1680.572998 1745.081055 1819.26001 1872.958984 1911.998047 1913.536011 1875.775024 1830.593994 1787.192993 1774.972046 1752.390991 1751.670044 1708.918945 1671.297974 1615.587036 1506.125 1437.16394 1343.182983 1373.672974 1444.631958 1503.811035 1569.579956 1625.420044
1839.405029 1966.607056 2111.599121 2271.771973 2367.61792 2338.955078 2314.791016 2267.0271 2303.433105 2044.036011 1942.401978 1895.109009 1952.805054 1955.321045 1985.907959 2113.964111 2201.571045 2349.137939 2519.764893 2282.319092 2214.206055 2179.2229 2216.149902 2216.806885 2338.023926 2460.112061 2498.858887 2349.456055 2265.603027 2015.698975 1899.078003 1810.756958 1742.08606 1653.505005 1633.384033 1700.022949 1758.391968 1807.250977 1831.97998 1826.797974 1819.276978 1749.926025 1717.675049 1668.223999 1662.052979 1656.161987 1631.791992 1605.130981 1573.439941 1461.489014 1397.777954 1310.968018 1368.526978 1444.105957 1507.926025 1575.944946 1637.344971
