dataupload/mapgen/bins/input/orotn200m.asc
NCOLS 582
NROWS 489
CELLSIZE 200.000
XLLCENTER 612367
YLLCENTER 5059545
NODATA_VALUE -9999.000
[rows 100 to 124 of 489, columns 228 to 284 of 582]
500.588989 539.898987 587.028992 588.369019 617.77002 636.638 646.112 656.276001 618.190002 666.593994 626.052002 642.135986 688.820007 739.984009 652.228027 647.432007 674.926025 782.419983 664.153015 694.698975 751.021973 847.16803 853.424011 901.601013 986.786987 1048.703003 1068.05896 1103.224976 1134.051025 1161.567017 1146.03894 1145.235962 1203.692993 1251.869995 1297.926025 1324.503052 1353.75 1387.83606 1422.733032 1466.389038 1538.312988 1579.438965 1604.395996 1612.521973 1632.187988 1703.764038 1670.081055 1748.746948 1835.774048 1895.030029 1958.234009 1961.599976 1992.107056 1999.264038 1992.45105 1866.646973 1814.604004
500.523987 500.694 544.155029 581.715027 598.85498 614.513977 631.89801 601.142029 654.875977 666.390015 638.656982 666.781006 714.195007 760.729004 790.812012 810.335999 835.320007 861.734009 855.71698 718.982971 842.755005 785.820984 879.45697 924.663025 983.448975 1060.944946 1086.68103 1121.057007 1083.772949 1051.968994 1160.671021 1220.717041 1252.563965 1290.801025 1317.978027 1345.494019 1372.140991 1405.567993 1445.324951 1478.871948 1550.85498 1590.092041 1632.389038 1694.135986 1713.390991 1728.748047 1787.744019 1780.240967 1860.557983 1924.16394 1999.128052 1992.984009 2021.311035 2052.568115 -9999.00 -9999.00 -9999.00
500.588013 574.018005 565.138977 576.148987 594.869019 585.627991 617.731995 640.39502 649.679016 631.213013 695.280029 714.093994 739.278015 797.952026 809.265015 819.458984 845.922974 882.005981 886.590027 799.736023 839.927979 829.494019 767.348999 811.934998 910.520996 1017.526978 989.853027 1031.55896 982.034973 1113.590942 1206.142944 1237.609985 1273.796997 1307.504028 1330.801025 1356.417969 1374.775024 1408.102051 1441.947998 1486.694946 1569.129028 1624.725952 1674.522949 1742.51001 1765.13501 1792.332031 1838.187988 1885.474976 1897.832031 1971.147949 2037.962036 2037.037964 2059.024902 2080.12207 -9999.00 -9999.00 -9999.00
500.612 512.752014 511.582001 572.961975 594.59198 610.531982 628.125 636.198975 609.932983 624.455994 735.403015 753.286987 779.080994 808.033997 842.478027 835.531982 861.14502 882.749023 907.442017 898.218018 872.390015 873.935974 924.262024 861.078003 785.323975 814.849976 855.676025 878.171997 1015.357971 1123.973999 1239.475952 1260.733032 1292.420044 1321.296997 1334.723999 1359.840942 1379.368042 1401.85498 1441.682007 1481.659058 1574.022949 1646.339966 1717.916992 1768.884033 1787.759033 1836.276001 1873.421997 1913.479004 1951.745972 1992.202026 2061.875977 2071.251953 2073.499023 -9999.00 -9999.00 -9999.00 -9999.00
500.565002 520.674988 566.005005 581.125977 595.526001 606.344971 623.999023 627.362 593.575989 647.280029 717.437012 721.48999 790.614014 796.767029 822.020996 844.104004 872.997986 906.231995 918.844971 915.460999 865.833008 906.379028 959.684998 980.101013 1022.276978 1013.663025 828.989014 884.455017 958.450989 1007.276978 1200.54895 1266.55603 1283.292969 1327.140015 1351.886963 1362.234009 1379.541016 1400.639038 1430.215942 1463.713013 1560.156982 1622.904053 1714.661011 1763.889038 1810.662964 1846.890015 1875.385986 1904.483032 1941.569946 1968.08606 2025.52002 2066.787109 2103.333008 -9999.00 -9999.00 -9999.00 -9999.00
500 500.479004 501.139008 571.348999 598.268982 607.508972 562.192017 582.835999 616.148987 626.072998 685.309998 702.442993 730.156982 764.179993 814.424011 850.137024 897.341003 912.973999 932.718018 933.864014 865.835999 906.661987 1008.187988 1051.333984 1059.160034 1076.625977 1029.062012 961.487976 934.624023 1002.400024 1071.312012 1172.698975 1258.436035 1317.493042 1342.349976 1355.067993 1367.795044 1385.862061 1416.448975 1448.276978 1543.640991 1637.277954 1717.58606 1770.772949 1810.656982 1811.69397 1830.099976 1871.807007 1883.374023 1927.780029 2020.93396 2043.620972 2055.787109 2047.524048 -9999.00 -9999.00 -9999.00
500 500.552002 500.582001 586.84198 583.932983 591.541992 576.195984 640.979004 673.242981 664.216003 738.882996 755.085999 763.710022 802.802979 826.296997 884.580017 899.502991 927.596985 949.940002 944.757019 875.879028 879.994019 958.190002 1058.526001 1079.232056 1090.167969 1085.43396 1084.290039 960.435974 908.252014 987.283997 1105.750977 1170.918945 1257.985962 1279.932983 1324.901001 1357.427979 1368.475952 1401.093018 1418 1540.244995 1633.722046 1717.089966 1778.016968 1790.850952 1775.427979 1830.944946 1806.68103 1822.378052 1906.723999 1966.287964 1956.60498 1948.392944 2048.919922 -9999.00 -9999.00 -9999.00
500.695007 500.61499 500.675995 536.676025 538.945984 559.885986 614.559021 668.112976 697.435974 714.278992 772.995972 785.768982 789.862976 800.286011 835.609009 887.242981 914.976013 934.429016 951.242981 916.689026 873.18103 887.307007 985.622986 1051.458984 1064.814941 1083.281006 1093.916992 1111.522949 1135.249023 1110.584961 940.927002 1021.203979 1073.391968 1127.838989 1270.927002 1323.534058 1334.041992 1328.55896 1334.515991 1404.843994 1531.369019 1623.176025 1712.083984 1751.161987 1745.165039 1702.741943 1709.229004 1800.515015 1883.602051 1910.81897 1864.862061 1843.729004 1945.876953 2041.453979 -9999.00 -9999.00 -9999.00
517.458984 500.519012 500.468994 524.429016 566.31897 591.619995 615.442993 690.30603 706.539001 749.393005 767.078979 784.781982 805.80603 828.758972 874.291992 898.89502 920.218994 920.382019 926.534973 879.021973 899.504028 908.48999 973.856018 1045.881958 1061.598022 1080.354004 1097.23999 1116.595947 1141.241943 1167.258057 991.72998 989.987 1037.10498 1080.112061 1210.630005 1244.386963 1224.755005 1310.241943 1369.969971 1415.098022 1543.042969 1625.70105 1623.338013 1659.255981 1611.739014 1602.975952 1720.942993 1809.30896 1859.31604 1886.213013 1760.416016 1867.373047 1963.21106 2034.238037 1993.64502 -9999.00 -9999.00
581.502014 500.682007 500.862 544.422974 577.182983 588.263 631.875977 675.169983 732.473022 755.455994 782.012024 800.185974 844.218994 848.572021 880.844971 899.478027 912.481018 880.534973 865.14801 881.184998 922.807007 976.682983 1009.898987 1040.35498 1065.651001 1083.087036 1100.993042 1133.05896 1159.244995 1181.19104 1148.873047 1036.560059 967.067017 1023.655029 1112.123047 1140.890991 1127.118042 1261.515991 1374.124023 1425.18103 1475.337036 1502.744995 1539.621948 1538.180054 1495.052979 1560.959961 1679.776978 1737.253052 1722.699951 1777.967041 1762.170044 1863.437012 1950.564941 1950.722046 1917.369019 2009.505981 -9999.00
571.375 554.745972 500.665985 500.54599 567.906006 597.325989 663.030029 719.052979 748.536011 770.609009 799.445984 813.588989 832.59198 846.765015 864.737976 876.991028 883.823975 849.106995 859.309998 919.177002 963.778992 994.525024 1010.981018 1056.626953 1066.922974 1088.649048 1112.255005 1122.411011 1144.477051 1174.703003 1199.025024 1139.072998 1051.880005 977.89801 1024.046021 1057.734009 1145.232056 1285.979004 1370.656982 1409.814941 1384.000977 1366.729004 1441.715942 1405.034058 1368.817017 1455.063965 1546.93103 1633.036987 1583.713989 1612.331055 1760.323975 1867.730957 1874.029053 1835.296021 1921.003052 2009.170044 1932.608032
582.768982 550.939026 524.328979 501.648987 563.659973 603.52002 648.79303 708.97699 763.73999 773.052979 800.549011 818.481995 826.38501 822.64801 830.380981 848.19397 853.577026 840.450012 890.333008 957.570007 980.192017 991.627991 1013.354004 1041.319946 1060.515991 1087.852051 1102.098022 1124.703979 1143.920044 1164.32605 1182.807983 1124.515015 1124.583008 1120.990967 1015.328979 1033.427002 1122.775024 1233.552979 1238.061035 1349.698975 1280.535034 1300.003052 1321.43103 1290.088989 1375.250977 1425.978027 1485.084961 1485.331055 1478.098022 1558.14502 1761.557983 1789.964966 1756.192993 1844.569946 1944.937012 1931.604004 1862.781982
590.171997 546.942993 529.013 500.713013 574.822998 612.093018 642.927002 706.369995 753.763 786.375977 790.812012 796.10498 812.778015 800.051025 814.783997 813.057007 818.960022 850.252014 917.64502 950.913025 977.434998 976.101013 1010.666992 1036.822998 1053.04895 1067.944946 1072.541016 1100.447021 1129.333008 1146.078979 1150.291016 1146.848022 1160.765991 1135.593994 1066.192017 1023.809998 1050.157959 1115.286011 1205.534058 1224.562012 1206.389038 1215.337036 1220.14502 1263.123047 1314.406006 1337.421997 1353.218994 1439.324951 1568.381958 1667.168945 1712.631958 1679.359985 1769.737061 1870.774048 1886.301025 1838.608032 1774.32605
574.895996 542.926025 531.065979 529.356018 571.825989 627.086975 705.120972 748.112976 758.656006 770.229004 747.155029 784.687988 803.781006 778.843994 789.617004 808.689026 843.752014 877.965027 904.078003 919.426025 962.138 975.643982 1002.309998 1019.166016 1017.822021 1039.478027 1065.144043 1092.800049 1107.245972 1124.661987 1149.384033 1144.20105 1158.129028 1161.977051 1173.765015 1108.912964 1028.121948 1064.650024 1088.458008 1116.725952 1169.092041 1171.571045 1189.418945 1203.006958 1299.76001 1357.605957 1433.912964 1536.55896 1552.615967 1558.453003 1532.83606 1678.624023 1799.821045 1812.098022 1778.714966 1743.822021 1728.219971
560.169006 529.408997 516.679993 530.849976 578.059998 660.47998 705.984009 728.106995 729.5 743.153015 764.038025 782.690979 779.874023 768.526978 774.239014 821.072021 854.304993 879.348022 898.450989 924.747986 979.340027 985.885986 996.481995 1003.937988 1018.893982 1042.709961 1061.485962 1079.222046 1107.277954 1120.614014 1154.526001 1151.264038 1172.082031 1188.47998 1209.718018 1191.467041 1121.405029 1037.932983 1043.43103 1064.48999 1119.885986 1131.625 1151.503052 1229.270996 1247.754028 1292.410034 1423.416992 1440.083984 1448.150024 1441.077026 1612.949951 1703.738037 1781.545044 1718.452026 1678.409058 1653.837036 1744.534058
544.893005 511.53299 515.302979 549.982971 606.742981 650.362976 659.427979 659.77002 737.643005 736.216003 764.171021 767.903992 756.606995 762.869995 767.202026 807.39502 848.877991 877.330017 895.192993 925.301025 970.552979 973.539001 975.215027 998.971008 1017.197021 1033.682983 1059.348999 1082.185059 1095.20105 1110.477051 1151.729004 1165.005981 1180.574951 1197.652954 1218.19104 1182.109985 1161.767944 1068.927002 1137.35498 1170.003052 1089.430054 1106.088989 1110.957031 1130.375977 1156.128052 1238.043945 1367.270996 1331.598022 1347.713989 1413.220947 1543.125 1577.741943 1680.188965 1613.645996 1606.272949 1696.470947 1799.057983
530.505981 511.675995 528.745972 545.146973 588.007019 590.546997 597.401001 690.44397 709.156982 716.278992 767.525024 761.536987 732.559998 736.713013 763.065002 809.357971 844.27002 872.482971 889.976013 909.763977 951.505981 960.401978 970.257996 993.604004 1007.72998 1026.30603 1049.362061 1061.958008 1078.764038 1104.459961 1152.332031 1176.629028 1189.647949 1203.686035 1222.694946 1237.802979 1236.322021 1141.079956 1114.668945 1211.016968 1134.43396 1153.292969 1187.671021 1229.119995 1194.161987 1177.758057 1196.88501 1256.031982 1391.078003 1494.375 1431.397949 1520.053955 1568.531006 1522.536987 1528.034058 1624.089966 1718.215942
510.118988 402.320007 474.040009 520.869995 550.530029 615.780029 657.315002 670.507019 647.950012 709.312988 746.41803 751.549988 707.362976 721.734985 762.437988 812.060974 842.192993 871.575989 879.127991 896.307007 936.158997 946.085022 965.651001 999.137024 1011.54303 1011.658997 1023.174988 1044.770996 1070.587036 1099.333008 1147.915039 1173.031982 1189.25 1219.499023 1240.478027 1262.30603 1273.265015 1221.532959 1128.832031 1177.801025 1236.828003 1250.126953 1310.994995 1352.384033 1306.265991 1343.741943 1286.989014 1214.946045 1321.641968 1388.838989 1356.722046 1389.418945 1418.61499 1466.730957 1562.027954 1632.364014 1731.040039
482.083008 410.803009 380.382996 527.653015 569.473999 629.754028 634.638 617.531006 652.393005 691.606018 748.911011 743.463013 691.986023 711.528015 750.510986 800.872986 831.426025 853.947998 873.541016 893.708984 874.401001 939.867004 962.732971 961.958984 993.034973 994.770996 1009.367004 1039.753052 1067.54895 1094.685059 1138.077026 1164.14502 1198.302979 1219.312012 1250.421021 1277.729004 1296.687988 1279.677002 1215.536011 1184.543945 1287.381958 1359.20105 1427.718994 1439.267944 1468.459961 1458.725952 1352.703003 1321.650024 1255.05603 1271.833008 1413.186035 1470.272949 1513.909058 1523.125 1602.232056 1699.047974 1785.68396
515.726013 433.496002 378.756989 466.066986 536.606995 593.296997 598.031982 609.883972 640.247009 715.619019 739.234009 703.247009 675.869019 699.611023 735.203979 772.565979 816.31897 848.241028 869.732971 871.872009 847.934021 843.630005 852.926025 852.09198 963.538025 949.004028 972.059998 991.866028 1014.921997 1034.608032 1117.589966 1151.687012 1188.005981 1215.545044 1256.134033 1287.162964 1308.722046 1316.040039 1303.78894 1304.228027 1230.995972 1321.474976 1429.134033 1511.463013 1557.593994 1535.21106 1484.667969 1474.88501 1354.332031 1335.659058 1502.121948 1559.109009 1560.395996 1646.123047 1675.208984 1769.206055 1801.802979
526.549011 463.130005 375.519989 402.670013 523.25 554.97998 560.294983 588.447998 617.460022 699.572998 706.497009 653.039978 671.932007 641.054993 663.47699 662.789001 744.882019 782.643982 795.997009 758.096008 779.958008 773.823975 793.73999 780.55603 837.421997 897.497986 987.713989 1019.900024 1039.115967 1066.082031 1125.043945 1155.500977 1180.97998 1210.05896 1240.937988 1282.666992 1318.215942 1345.285034 1351.063965 1366.642944 1275.540039 1291.348999 1393.728027 1498.766968 1578.838989 1592.595947 1595.922974 1535.151001 1447.907959 1368.31604 1611.720947 1672.917969 1694.055054 1703.452026 1754.078979 1811.587036 -9999.00
530.892029 490.471985 408.59201 380.342987 505.493011 539.513 557.56897 573.051025 604.083008 634.625977 652.190979 627.03302 669.955994 696.367981 753.48999 773.28302 774.094971 756.487976 766.809998 801.448975 878.101013 899.096985 892.554016 877.929993 879.296021 818.59198 886.377991 995.883972 958.799988 1058.906006 1119.157959 1155.045044 1188.44397 1218.442993 1249.432007 1277.43103 1322.290039 1340.659058 1364.637939 1387.197021 1319.454956 1317.66394 1417.642944 1517.161987 1578.404053 1593.171021 1591.188965 1577.286987 1524.185059 1453.152954 1593.328979 1622.995972 1661.234009 1735.651978 1757.348999 -9999.00 -9999.00
528.994019 485.404999 370.915009 458.505005 513.596008 545.255981 562.481995 574.963989 594.307007 606.939026 611.234009 642.015991 674.468994 700.330994 754.234009 774.546021 793.049011 815.601013 827.593994 847.153015 895.075012 918.870972 936.836975 952.312988 927.208984 935.965027 875.93103 889.867004 976.763 1062.948975 1119.840942 1145.678955 1177.208008 1218.347046 1254.416016 1288.295044 1323.67395 1343.123047 1371.202026 1397.610962 1334.060059 1322.708984 1404.047974 1466.256958 1533.037964 1582.82605 1587.305054 1592.042969 1589.171997 1539.030029 1518.837036 1590.505005 1686.422974 -9999.00 -9999.00 -9999.00 -9999.00
503.177002 454.516998 367.358002 465.928009 515.427979 545.369019 557.164978 569.096985 585.049988 609.731995 630.796997 650.369995 678.872009 699.924988 750.987 771.48999 799.372009 822.065002 831.796997 854.427002 901.999023 924.335022 935.960999 935.536987 951.593018 969.359009 955.034973 925.731018 974.067017 1027.512939 1127.314941 1164.661987 1194.69104 1223.590942 1259.829956 1291.328979 1320.387939 1356.217041 1387.225952 1405.436035 1405.463989 1359.542969 1346.121948 1433.001953 1499.853027 1559.302002 1576.369995 1584.149048 1601.417969 1601.447021 1537.435059 1572.624023 1654.712036 -9999.00 -9999.00 -9999.00 -9999.00
513.039001 387.070007 422.859985 470.480988 515.491028 537.762024 543.937988 566.030029 585.593018 608.846008 633.541016 667.052979 684.406006 711.018005 746.031006 783.492981 799.786011 808.968994 816.911011 847.380981 896.03302 914.968994 921.304993 932.380981 950.45697 966.973022 975.249023 957.655029 978.031006 1021.197021 1132.129028 1161.296021 1192.564941 1221.204956 1255.904053 1300.753052 1328.552002 1374.871948 1386.791016 1408.390015 1446.598999 1427.687988 1366.116943 1408.156006 1462.626953 1530.126953 1565.696045 1578.025024 1592.574951 1610.313965 1592.083008 1595.942017 1657.240967 -9999.00 -9999.00 -9999.00 -9999.00
