dataupload/mapgen/bins/input/orotn200m.asc
NCOLS 582
NROWS 489
CELLSIZE 200.000
XLLCENTER 612367
YLLCENTER 5059545
NODATA_VALUE -9999.000
[rows 300 to 324 of 489, columns 342 to 398 of 582]
466.949005 477.835999 488.312012 497.947998 506.024994 514.890991 761.934021 848.929993 932.497009 933.903015 947.559021 952.304993 977.211975 990.127014 988.232971 988.138 1014.278992 1010.393982 1012.590027 1016.11499 1006.169983 990.185974 978.801025 970.495972 951.671997 948.747009 944.000977 945.239014 926.776001 921.723999 929.84198 922.008972 918.677002 933.314026 941.612 962.129028 1010.033997 1046.021973 1065.780029 1087.03894 1100.267944 1148.547974 1203.496948 1178.237061 1290.276001 1446.994995 1818.293945 1932.463013 1806.422974 1866.062012 1972.911011 2046.490967 1990.010986 2042.600952 2081.801025 2052.900879 2081.770996
473.201996 490.669006 503.834991 519.370972 529.137024 578.833008 906.255981 963.692017 951.708008 964.104004 974.080017 997.976013 991.822021 1001.138 1009.163025 1018.008972 1059.749023 1057.125 1057.75 1051.084961 1047.189941 1038.776001 1014.241028 997.526001 986.911011 973.497009 978.890015 974.107971 956.585022 953.112 958.669983 967.286987 975.734009 973.312012 982.549011 993.945984 1049.921021 1096.797974 1081.615967 1161.814941 1154.39502 1207.104004 1289.17395 1382.503052 1356.532959 1504.391968 1854.70105 1940.100952 1916.880005 1920.910034 2056.658936 2210.009033 2174.319092 2190.819092 2080.909912 2094.77002 2093.861084
478.085999 493.721008 512.517029 543.143005 558.81897 593.39502 844.317017 962.53302 972.578003 994.343994 1005.469971 978.635986 1004.122009 1034.146973 1034.333008 1070.037964 1098.197998 1127.16394 1128.279053 1116.614014 1094.708984 1077.665039 1056.780029 1037.655029 1022.349976 999.185974 1042.659058 1021.947021 984.023987 1003.250977 1001.338989 994.455994 1025.473022 1023.591003 1030.458008 1059.714966 1079.420044 1124.287964 1172.474976 1184.175049 1230.024048 1233.884033 1340.083984 1459.392944 1457.682983 1538.001953 1960.71106 2053.980957 2111.881104 2072.810059 2118.27002 2238.148926 -9999.00 -9999.00 -9999.00 -9999.00 -9999.00
507.951996 569.728027 678.734009 699.669983 593.666016 647.781982 836.533997 897.669983 917.435974 939.382019 963.617004 998.02301 1033.889038 1056.535034 1085.839966 1119.505981 1159.666016 1181.121948 1172.126953 1160.251953 1131.047974 1099.922974 1109.978027 1096.44397 1062.989014 1041.484985 1094.358032 1063.875977 1035.172974 1051.469971 1044.277954 1051.14502 1086.123047 1081.390015 1079.386963 1123.525024 1188.02002 1201.487061 1270.155029 1236.593994 1291.484009 1267.144043 1358.912964 1486.963013 1694.633057 1774.641968 1866.340942 1974.19104 2120.591064 2238.52002 2166.949951 2222.129883 -9999.00 -9999.00 -9999.00 -9999.00 -9999.00
616.309021 724.065002 797.791016 788.067017 695.422974 639.958984 770.700989 836.997009 919.77301 952.799011 963.224976 999.210999 1042.967041 1113.332031 1152.807983 1212.373047 1254.313965 1246.630005 1223.535034 1206.730957 1167.05603 1162.791992 1168.707031 1145.552979 1071.777954 1093.343994 1128.516968 1104.234985 1083.381958 1117.05896 1095.937012 1126.44397 1120.432007 1170.688965 1130.006958 1207.634033 1266.428955 1318.557007 1357.063965 1318.703979 1325.723999 1329.753052 1367.123047 1517.322998 1777.531982 1768.362061 1918.251953 1943.331055 2083.641113 2237.861084 -9999.00 -9999.00 -9999.00 -9999.00 -9999.00 -9999.00 -9999.00
764.116028 852.021973 882.40802 879.374023 794.859985 694.906006 801.598022 860.914001 940.97998 977.125977 1015.481995 1089.478027 1163.884033 1150.75 1241.425049 1318.421021 1387.702026 1358.748047 1290.333008 1284.369019 1239.234009 1221.560059 1222.55603 1154.390991 1142.126953 1134.012939 1157.385986 1159.453979 1141.380981 1174.889038 1136.58606 1163.213989 1173.610962 1262.828003 1194.145996 1281.853027 1391.868042 1464.985962 1405.114014 1388.692993 1365.833008 1397.282959 1417.152954 1552.232056 1769.052002 1934.521973 2078.302002 2038.171021 2104.071045 2231.121094 -9999.00 -9999.00 -9999.00 -9999.00 -9999.00 -9999.00 -9999.00
846.29303 884.898987 899.284973 852.341003 760.856995 823.182983 847.88501 939.541016 924.887024 1038.463013 1101.389038 1218.814941 1260.240967 1212.077026 1315.623047 1450.119019 1497.040039 1424.916016 1368.93103 1398.927002 1321.422974 1293.527954 1219.203979 1241.619995 1230.936035 1234.031006 1192.045044 1249.412964 1213.630005 1236.208008 1191.275024 1238.662964 1277.26001 1337.397949 1270.324951 1326.133057 1520.988037 1547.454956 1441.432983 1451.062988 1504.753052 1554.373047 1624.901978 1650.222046 1670.651978 1861.452026 2103.662109 2212.362061 2203.6521 -9999.00 -9999.00 -9999.00 -9999.00 -9999.00 -9999.00 -9999.00 -9999.00
852.630005 897.075989 936.221985 891.307983 858.583984 854.97998 827.401978 942.427979 1010.523987 1084.97998 1187.416016 1313.453003 1412.999023 1423.38501 1457.76001 1545.965942 1552.348022 1528.68396 1423.848999 1484.954956 1402.93103 1373.107056 1368.512939 1386.448975 1290.41394 1323.150024 1316.494019 1312.511963 1366.999023 1317.626953 1279.154053 1321.082031 1346.088989 1421.376953 1380.905029 1367.212036 1597.006958 1605.625 1486.832031 1514.031982 1686.491943 1593.391968 1690.371948 1675.202026 1817.862061 1859.812012 2129.791992 2241.271973 -9999.00 -9999.00 -9999.00 -9999.00 -9999.00 -9999.00 -9999.00 -9999.00 -9999.00
904.697021 926.013 1003.338989 951.844971 950.140991 899.406982 1001.078979 1029.665039 1081.291992 1093.348022 1298.593994 1398.459961 1547.296021 1508.001953 1529.447998 1600.634033 1641.32605 1612.322021 1534.546997 1560.572998 1470.428955 1428.10498 1434.031006 1446.687012 1397.703003 1397.098999 1376.422974 1462.821045 1487.758057 1396.355957 1376.152954 1385.45105 1448.359009 1496.105957 1541.154053 1461.880981 1706.577026 1687.563965 1566.442017 1585.802002 1758.222046 1668.862061 1818.612061 1793.832031 1906.391968 1923.171997 2170.39209 -9999.00 -9999.00 -9999.00 -9999.00 -9999.00 -9999.00 -9999.00 -9999.00 -9999.00 -9999.00
957.572998 1080.609985 1117.776001 1096.722046 1095.287964 1015.164001 1194.865967 1270.873047 1213.259033 1273.714966 1311.600952 1498.776978 1644.333008 1632.139038 1637.925049 1666.20105 1759.772949 1729.790039 1685.956055 1630.192017 1599.417969 1560.854004 1512.819946 1567.58606 1497.092041 1464.807983 1409.041992 1510.359985 1597.187012 1507.494995 1476.052979 1456.400024 1518.667969 1580.936035 1688.583008 1602.321045 1704.296021 1804.514038 1649.151001 1659.44104 1756.281006 1791.852051 1840.401978 1917.442017 1975.621948 2059.172119 2224.39209 -9999.00 -9999.00 -9999.00 -9999.00 -9999.00 -9999.00 -9999.00 -9999.00 -9999.00 -9999.00
1136.48999 1216.036011 1251.103027 1265.779053 1258.795044 1079.750977 1282.512939 1402.23999 1346.715942 1447.302002 1404.338013 1518.634033 1674.370972 1755.256958 1735.213013 1789.348999 1965.870972 1918.036987 1840.453979 1755.469971 1696.095947 1669.112061 1612.527954 1669.85498 1581.96106 1453.996948 1517.500977 1556.938965 1655.475952 1616.254028 1652.241943 1535.479004 1631.866943 1659.665039 1818.192017 1814.719971 1812.105957 1875.282959 1716.94104 1741.95105 1885.281006 1949.581055 1890.71106 1939.770996 2006.942017 2151.37207 2142.251953 -9999.00 -9999.00 -9999.00 -9999.00 -9999.00 -9999.00 -9999.00 -9999.00 -9999.00 -9999.00
1327.317017 1419.642944 1442.810059 1410.755981 1476.491943 1312.008057 1147.541016 1449.266968 1474.282959 1556.078979 1569.005005 1579.432007 1730.458008 1930.303955 1914.060059 2016.286987 1985.918945 -9999.00 -9999.00 1924.147949 1907.734009 1846.071045 1765.626953 1742.892944 1623.939941 1620.426025 1646.969971 1683.317993 1759.536011 1855.152954 1851.740967 1704.889038 1680.105957 1866.754028 1842.442017 1904.708984 1822.834961 1932.052979 1824.581055 1861.680054 2002.110962 2065.520996 2061.371094 2089.081055 2149.960938 -9999.00 -9999.00 -9999.00 -9999.00 -9999.00 -9999.00 -9999.00 -9999.00 -9999.00 -9999.00 -9999.00 -9999.00
1300.764038 1430.199951 1572.276001 1615.302979 1530.519043 1474.005005 1386.447998 1340.114014 1636.819946 1694.375977 1815.812988 1781.79895 1906.234985 1930.261963 1945.287964 1936.823975 -9999.00 -9999.00 -9999.00 -9999.00 -9999.00 -9999.00 -9999.00 1871.251953 1796.447998 1748.594971 1819.619019 -9999.00 -9999.00 -9999.00 -9999.00 -9999.00 1862.55603 -9999.00 1959.93103 1999.619019 1962.415039 -9999.00 -9999.00 -9999.00 -9999.00 -9999.00 -9999.00 -9999.00 -9999.00 -9999.00 -9999.00 -9999.00 -9999.00 -9999.00 -9999.00 -9999.00 -9999.00 -9999.00 -9999.00 -9999.00 -9999.00
1327.421021 1474.506958 1619.432983 1741.780029 1698.755981 1608.911987 1324.224976 1476.45105 1676.896973 1889.91394 1888.880005 1864.255981 1865.583008 1851.428955 1870.625 1856.671997 -9999.00 -9999.00 -9999.00 -9999.00 -9999.00 -9999.00 -9999.00 -9999.00 -9999.00 -9999.00 -9999.00 -9999.00 -9999.00 -9999.00 -9999.00 -9999.00 -9999.00 -9999.00 -9999.00 -9999.00 -9999.00 -9999.00 -9999.00 -9999.00 -9999.00 -9999.00 -9999.00 -9999.00 -9999.00 -9999.00 -9999.00 -9999.00 -9999.00 -9999.00 -9999.00 -9999.00 -9999.00 -9999.00 -9999.00 -9999.00 -9999.00
1392.167969 1521.364014 1650.719971 1820.557007 1855.123047 1827.79895 1472.651978 1711.498047 1596.984985 1824.781006 1795.177002 1780.154053 1788.630005 1780.605957 1809.282959 1793.609009 -9999.00 -9999.00 -9999.00 -9999.00 -9999.00 -9999.00 -9999.00 -9999.00 -9999.00 -9999.00 -9999.00 -9999.00 -9999.00 -9999.00 -9999.00 -9999.00 -9999.00 -9999.00 -9999.00 -9999.00 -9999.00 -9999.00 -9999.00 -9999.00 -9999.00 -9999.00 -9999.00 -9999.00 -9999.00 -9999.00 -9999.00 -9999.00 -9999.00 -9999.00 -9999.00 -9999.00 -9999.00 -9999.00 -9999.00 -9999.00 -9999.00
1493.244019 1581.291016 1835.717041 1811.432983 1772.76001 1760.965942 1788.468994 1817.694946 1827.881958 1782.078003 1749.69397 1718.110962 1725.927002 1774.44397 1795.449951 1763.177002 -9999.00 -9999.00 -9999.00 -9999.00 -9999.00 -9999.00 -9999.00 -9999.00 -9999.00 -9999.00 -9999.00 -9999.00 -9999.00 -9999.00 -9999.00 -9999.00 -9999.00 -9999.00 -9999.00 -9999.00 -9999.00 -9999.00 -9999.00 -9999.00 -9999.00 -9999.00 -9999.00 -9999.00 -9999.00 -9999.00 -9999.00 -9999.00 -9999.00 -9999.00 -9999.00 -9999.00 -9999.00 -9999.00 -9999.00 -9999.00 -9999.00
1558.18103 1679.498047 1758.394043 1735.23999 1708.337036 1699.453003 1746.115967 1795.092041 1776.56897 1746.214966 1708.001953 1666.358032 1742.094971 1780.090942 1777.578003 1711.814941 -9999.00 -9999.00 -9999.00 -9999.00 -9999.00 -9999.00 -9999.00 -9999.00 -9999.00 -9999.00 -9999.00 -9999.00 -9999.00 -9999.00 -9999.00 -9999.00 -9999.00 -9999.00 -9999.00 -9999.00 -9999.00 -9999.00 -9999.00 -9999.00 -9999.00 -9999.00 -9999.00 -9999.00 -9999.00 -9999.00 -9999.00 -9999.00 -9999.00 -9999.00 -9999.00 -9999.00 -9999.00 -9999.00 -9999.00 -9999.00 -9999.00
1613.427979 1657.44397 1663.291016 1659.256958 1654.963989 1672.51001 1692.623047 1745.140015 1734.296021 1723.092041 1687.30896 1624.675049 1703.082031 1739.267944 1763.045044 1703.741943 -9999.00 -9999.00 -9999.00 -9999.00 -9999.00 -9999.00 -9999.00 -9999.00 -9999.00 -9999.00 -9999.00 -9999.00 -9999.00 -9999.00 -9999.00 -9999.00 -9999.00 -9999.00 -9999.00 -9999.00 -9999.00 -9999.00 -9999.00 -9999.00 -9999.00 -9999.00 -9999.00 -9999.00 -9999.00 -9999.00 -9999.00 -9999.00 -9999.00 -9999.00 -9999.00 -9999.00 -9999.00 -9999.00 -9999.00 -9999.00 -9999.00
1539.775024 1562.801025 1582.368042 1609.284058 1616.68103 1638.506958 1688.27002 1719.967041 1698.402954 1685.25 1671.635986 1612.613037 1633.198975 1683.05603 1712.042969 1693.98999 -9999.00 -9999.00 -9999.00 -9999.00 -9999.00 -9999.00 -9999.00 -9999.00 -9999.00 -9999.00 -9999.00 -9999.00 -9999.00 -9999.00 -9999.00 -9999.00 -9999.00 -9999.00 -9999.00 -9999.00 -9999.00 -9999.00 -9999.00 -9999.00 -9999.00 -9999.00 -9999.00 -9999.00 -9999.00 -9999.00 -9999.00 -9999.00 -9999.00 -9999.00 -9999.00 -9999.00 -9999.00 -9999.00 -9999.00 -9999.00 -9999.00
1486.442017 1515.187988 1544.175049 1551.890991 1577.618042 1604.874023 1655.197021 1680.553955 1658.920044 1639.827026 1643.262939 1597.790039 1593.645996 1655.613037 1685.829956 1684.656982 1626.411987 -9999.00 -9999.00 -9999.00 -9999.00 -9999.00 -9999.00 -9999.00 -9999.00 -9999.00 -9999.00 -9999.00 -9999.00 -9999.00 -9999.00 -9999.00 -9999.00 -9999.00 -9999.00 -9999.00 -9999.00 -9999.00 -9999.00 -9999.00 -9999.00 -9999.00 -9999.00 -9999.00 -9999.00 -9999.00 -9999.00 -9999.00 -9999.00 -9999.00 -9999.00 -9999.00 -9999.00 -9999.00 -9999.00 -9999.00 -9999.00
1462.177979 1471.045044 1502.151978 1545.618042 1539.38501 1587.100952 1636.644043 1646.93103 1641.116943 1613.19397 1591.94104 1551.677002 1632.793945 1650.780029 1667.157959 1654.584961 1542.900024 -9999.00 -9999.00 -9999.00 -9999.00 -9999.00 -9999.00 -9999.00 -9999.00 -9999.00 -9999.00 -9999.00 -9999.00 -9999.00 -9999.00 -9999.00 -9999.00 -9999.00 -9999.00 -9999.00 -9999.00 -9999.00 -9999.00 -9999.00 -9999.00 -9999.00 -9999.00 -9999.00 -9999.00 -9999.00 -9999.00 -9999.00 -9999.00 -9999.00 -9999.00 -9999.00 -9999.00 -9999.00 -9999.00 -9999.00 -9999.00
1459.047974 1454.14502 1469.141968 1516.869019 1538.286011 1565.462036 1604.495972 1619.983032 1613.790039 1593.496948 1528.713013 1563.530029 1628.827026 1659.323975 1654.112061 1624.31897 1518.14502 -9999.00 -9999.00 -9999.00 -9999.00 -9999.00 -9999.00 -9999.00 -9999.00 -9999.00 -9999.00 -9999.00 -9999.00 -9999.00 -9999.00 -9999.00 -9999.00 -9999.00 -9999.00 -9999.00 -9999.00 -9999.00 -9999.00 -9999.00 -9999.00 -9999.00 -9999.00 -9999.00 -9999.00 -9999.00 -9999.00 -9999.00 -9999.00 -9999.00 -9999.00 -9999.00 -9999.00 -9999.00 -9999.00 -9999.00 -9999.00
1472.031982 1443.56897 1458.555054 1495.682007 1530.838989 1533.225952 1561.329956 1570.266968 1569.354004 1556.840942 1488.958008 1547.694946 1610.682007 1634.249023 1615.217041 1568.68396 1499.430054 -9999.00 -9999.00 -9999.00 -9999.00 -9999.00 -9999.00 -9999.00 -9999.00 -9999.00 -9999.00 -9999.00 -9999.00 -9999.00 -9999.00 -9999.00 -9999.00 -9999.00 -9999.00 -9999.00 -9999.00 -9999.00 -9999.00 -9999.00 -9999.00 -9999.00 -9999.00 -9999.00 -9999.00 -9999.00 -9999.00 -9999.00 -9999.00 -9999.00 -9999.00 -9999.00 -9999.00 -9999.00 -9999.00 -9999.00 -9999.00
1468.574951 1452.962036 1444.948975 1481.30603 1512.522949 1526.589966 1542.41394 1516.260986 1531.687988 1525.025024 1455.052002 1524.390015 1582.937012 1608.404053 1574.722046 1551.859009 1467.484985 1506.322998 -9999.00 -9999.00 -9999.00 -9999.00 -9999.00 -9999.00 -9999.00 -9999.00 -9999.00 -9999.00 -9999.00 -9999.00 -9999.00 -9999.00 -9999.00 -9999.00 -9999.00 -9999.00 -9999.00 -9999.00 -9999.00 -9999.00 -9999.00 -9999.00 -9999.00 -9999.00 -9999.00 -9999.00 -9999.00 -9999.00 -9999.00 -9999.00 -9999.00 -9999.00 -9999.00 -9999.00 -9999.00 -9999.00 -9999.00
1455.098022 1444.084961 1441.541992 1470.25 1505.977051 1540.104004 1512.338013 1486.694946 1504.762939 1499.199951 1454.036987 1502.524048 1550.020996 1568.198975 1552.885986 1544.18396 1503.959961 1436.718994 -9999.00 -9999.00 -9999.00 -9999.00 -9999.00 -9999.00 -9999.00 -9999.00 -9999.00 -9999.00 -9999.00 -9999.00 -9999.00 -9999.00 -9999.00 -9999.00 -9999.00 -9999.00 -9999.00 -9999.00 -9999.00 -9999.00 -9999.00 -9999.00 -9999.00 -9999.00 -9999.00 -9999.00 -9999.00 -9999.00 -9999.00 -9999.00 -9999.00 -9999.00 -9999.00 -9999.00 -9999.00 -9999.00 -9999.00
