dataupload/mapgen/bins/input/orotn200m.asc
NCOLS 582
NROWS 489
CELLSIZE 200.000
XLLCENTER 612367
YLLCENTER 5059545
NODATA_VALUE -9999.000
[rows 175 to 199 of 489, columns 114 to 170 of 582]
2378.685059 2236.843994 2165.322998 2040.811035 2312.87793 2436.866943 2659.695068 2598.694092 2554.082031 2495.25 2425.479004 2330.086914 2296.13501 2168.724121 1980.599976 1921.729004 1865.597046 1844.676025 1867.904053 1807.322021 1731.661011 1681.389038 1651.128052 1629.676025 1632.873047 1633.311035 1632.28894 1631.348022 1665.536011 1702.89502 1706.953003 1694.68103 1646.05603 1669.251953 1680.412964 1697.238037 1724.192993 1712.29895 1717.634033 1746.969971 1810.714966 1837.589966 1878.906006 1988.470947 1992.60498 1978.014038 1981.322021 2054.311035 2093.469971 2149.60791 2269.51709 2492.256104 2582.625 2675.183105 2733.910889 2674.249023 2681.36792
2194.957031 2140.186035 2108.523926 2052.462891 2404.099121 2498.407959 2613.055908 2529.435059 2447.603027 2341.111084 2353.600098 2326.018066 2295.26709 2230.235107 1930.192017 1933.43103 1931.249023 1934.137939 2003.276001 1888.045044 1805.422974 1762.71106 1693.109009 1648.958008 1623.68396 1634.862061 1591.171021 1577.458984 1593.077026 1623.334961 1631.652954 1640.68103 1630.097046 1675.491943 1735.251953 1746.397949 1765.922974 1745.027954 1752.734009 1739.328979 1765.073975 1793.659058 1847.724976 1885.699951 2057.4729 2094.961914 2056.591064 2073.049072 2100.798096 2157.677002 2268.794922 2386.773926 2531.693115 2510.700928 2710.299072 2677.037109 2620.845947
2104.059082 2009.516968 1972.776001 2085.414062 2292.72998 2368.978027 2431.0271 2465.375977 2419.563965 2407.2229 2350.950928 2347.929932 2261.398926 2166.876953 2028.063965 1982.223022 1980.612061 2044.290039 2168.749023 1986.866943 1938.704956 1893.172974 1829.090942 1725.759033 1660.11499 1653.373047 1596.921997 1553.160034 1550.197998 1571.125977 1598.91394 1618.952026 1656.656982 1723.812012 1768.621948 1783.677979 1780.343018 1792.108032 1790.203003 1775.917969 1759.552979 1766.118042 1832.024048 1874.338989 1999.641968 2018.860962 2065.049072 2080.87793 2124.906982 2183.165039 2328.243896 2361.082031 2371.490967 2453.409912 2786.056885 2746.216064 2659.985107
1987.051025 1898.139038 1897.636963 2051.685059 2247.391113 2338.898926 2432.818115 2550.2771 2493.845947 2475.864014 2426.9729 2397.12207 2302.641113 2212.550049 2101.947021 2079.216064 2132.225098 2191.934082 2246.981934 2172.590088 2054.417969 2002.196045 1878.285034 1777.223022 1701.448975 1717.156982 1631.974976 1551.613037 1525.720947 1532.578979 1568.146973 1626.64502 1728.98999 1760.084961 1795.86499 1796.650024 1816.61499 1843.890015 1853.234985 1829.540039 1804.36499 1791.699951 1824.064941 1910.689941 1974.062988 1981.862061 2026.72998 2028.639038 2061.308105 2132.295898 2190.61499 2298.302979 2363.88208 2447.131104 2818.827881 2890.056885 2759.245117
1895.276978 1807.206055 1897.274048 2045.232056 2244.85791 2330.7771 2417.305908 2486.454102 2595.032959 2525.842041 2435.760986 2353.569092 2287.177979 2263.326904 2240.945068 2279.762939 2188.312012 2154.111084 2127.209961 2088.306885 2052.264893 1975.473022 1873.260986 1797.31897 1723.86499 1705.672974 1650.890991 1572.167969 1513.186035 1513.364014 1548.552002 1662.77002 1762.555054 1788.448975 1871.958984 1865.293945 1855.389038 1878.593018 1926.137939 1957.062988 1856.126953 1834.421997 1822.557007 1858.781982 1927.114014 1935.123047 1975.640991 2048.389893 2048.339111 2131.616943 2176.416016 2368.483887 2488.2229 2498.451904 2618.968994 2825.096924 2745.986084
1806.045044 1744.253052 1803.470947 1954 2182.006104 2283.344971 2334.333008 2403.552002 2499.180908 2478.840088 2353.11792 2273.687012 2176.125977 2101.985107 2154.602051 2187.081055 2143.718994 2116.887939 2069.0271 2016.234985 1975.982056 1901.689941 1876.828003 1806.145996 1717.370972 1691.828979 1634.245972 1589.984009 1514.472046 1504.958984 1543.786987 1644.464966 1745.050049 1814.91394 1970.833008 1986.718018 1919.852051 1929.567017 1958.720947 2070.095947 1951.640015 1860.063965 1861.05896 1867.243042 1944.86499 1982.18396 1958.343018 2018.801025 2092.360107 2137.87793 2161.866943 2222.805908 2279.293945 2350.98291 2484.330078 2649.86792 2869.227051
1776.812012 1726.420044 1820.28894 1970.866943 2194.354004 2260.501953 2303.230957 2335.090088 2437.239014 2400.836914 2282.216064 2143.225098 2083.072998 2058.62207 2076.138916 2040.458008 2071.556885 2132.565918 2032.67395 1998.781982 1951.369019 1903.567017 1840.043945 1814.771973 1725.016968 1680.265015 1628.692017 1572.170044 1505.357056 1506.464966 1540.952026 1632.439941 1745.015015 1819.259033 1989.607056 2032.722046 2000.56604 2003.660034 2021.043945 2063.36792 2033.792969 1965.087036 1947.380981 1941.555054 2013.057007 2027.125 2039.453979 2076.662109 2081.910889 2114.958984 2154.788086 2167.556885 2180.804932 2267.333984 2429.551025 2547.729004 2775.488037
1719.928955 1703.827026 1838.33606 2015.675049 2301.751953 2447.080078 2376.589111 2398.37793 2489.535889 2376.745117 2246.354004 2112.62207 2088.650879 2082.699951 2046.557007 1966.915039 1950.43396 1990.302979 2048.960938 2016.989014 1937.225952 1883.093994 1826.260986 1799.899048 1722.432983 1664.510986 1606.498047 1524.485962 1492.942993 1496.349976 1541.968018 1646.964966 1736.060059 1821.254028 1966.100952 2050.344971 2026.948975 2025.493042 2027.987061 2060.480957 2024.704956 1972.188965 1966.623047 1991.217041 2047.397949 2066.50708 2061.225098 2091.874023 2115.241943 2124.490967 2145.928955 2178.897949 2206.295898 2287.675049 2437.990967 2543.909912 2723.187988
1705.156006 1722.484985 1926.873047 2074.441895 2331.489014 2318.308105 2335.326904 2415.485107 2454.224121 2387.962891 2293.331055 2211.149902 2151.298096 2145.00708 2006.43396 1921.572998 1896.44104 1878.47998 1901.718994 1932.485962 1924.182983 1841.581055 1826.478027 1801.685059 1705.619995 1649.536987 1575.343994 1500.43103 1480.218994 1492.936035 1562.603027 1674.859985 1762.323975 1829.397949 1993.026001 2047.659058 2094.143066 2079.626953 2056.419922 2053.714111 2029.498047 2024.730957 1987.074951 2003.029053 2066.708984 2075.077881 2100.645996 2105.314941 2132.25293 2127.761963 2166.300049 2195.438965 2227.2771 2295.725098 2485.1521 2555.690918 2661.309082
1672.333008 1702.352051 1916.600952 1955.339966 2195.906982 2250.946045 2310.904053 2377.49292 2437.37207 2385.070068 2284.398926 2260.096924 2222.775879 2184.85498 2022.072021 1939.719971 1825.178955 1810.156982 1823.645996 1837.223022 1838.219971 1802.796997 1798.045044 1785.062012 1695.30603 1630.873047 1540.890015 1482.906982 1471.93396 1492.321045 1556.657959 1680.165039 1758.019043 1842.932983 2010.800049 2032.192993 2036.737061 2032.680054 2025.384033 2030.496948 2027.52002 2044.93396 2030.817017 2009.369995 2070.031006 2083.128906 2092.397949 2158.865967 2164.184082 2166.613037 2175.581055 2209.780029 2232.468018 2252.986084 2391.853027 2566.221924 2588.560059
1593.310059 1661.208984 1788.307983 2005.156982 2083.094971 2132.573975 2237.211914 2307.720947 2347.948975 2356.988037 2315.436035 2348.554932 2346.812988 2212.082031 2062.938965 1934.238037 1799.296021 1784.474976 1792.652954 1785.449951 1783.817017 1788.884033 1766.801025 1764.537964 1687.092041 1618.678955 1528.656006 1469.272949 1457.160034 1494.136963 1573.66394 1705.870972 1770.515015 1831.328003 1968.91394 1995.786987 1996.02002 1985.894043 2004.937012 1999.199951 2017.292969 2062.795898 2074.158936 2054.39209 2073.971924 2094.889893 2105.148926 2136.076904 2126.506104 2153.523926 2191.422119 2193.170898 2233.898926 2257.826904 2312.283936 2405.12207 2514.071045
1511.087036 1580.456055 1728.665039 1883.68396 2035.411987 2067.601074 2214.080078 2306.799072 2276.846924 2292.764893 2244.243896 2262.952881 2361.970947 2206.949951 2072.886963 1945.155029 1872.593994 1829.501953 1793.821045 1771.827026 1770.41394 1764.43103 1741.787964 1720.88501 1669.248047 1602.035034 1530.712036 1464.79895 1437.33606 1486.521973 1599.749023 1742.985962 1843.630005 1874.791992 1936.098022 1964.020996 1974.293945 1979.837036 1984.619995 1987.003052 2003.026001 2071.068115 2088.180908 2101.313965 2074.393066 2088.852051 2099.5 2093.897949 2101.136963 2116.044922 2158.383057 2175.221924 2234.070068 2270.258057 2319.084961 2351.643066 2395.362061
1451.375 1488.244019 1648.422974 1811.812012 1984.719971 2117.499023 2256.61792 2231.716064 2209.574951 2174.962891 2117.802002 2186.879883 2266.618896 2239.5271 2044.833984 1962.401978 1929.270996 1886.639038 1849.057983 1800.435059 1768.250977 1764.878052 1728.39502 1701.250977 1616.375 1564.470947 1518.797974 1464.935059 1412.890991 1496.527954 1613.44397 1774.970947 1917.234985 1951.857056 1954.812988 1948.655029 1946.017944 1941.22998 1952.572998 1970.686035 2000.167969 2094.841064 2090.7229 2072.085938 2069.64502 2048.012939 2093.150879 2080.699951 2034.937988 2048.676025 2119.434082 2078.843018 2180.480957 2280.979004 2331.256104 2370.583984 2404.443115
1401.822021 1440.990967 1568.680054 1715.03894 2021.728027 2200.086914 2206.916016 2155.694092 2089.862061 2029.671021 1993.979004 2070.12793 2158.226074 2190.304932 2089.281006 1979.969971 1951.897949 1889.136963 1830.324951 1799.271973 1763.588013 1755.535034 1720.230957 1708.588013 1660.401001 1577.457031 1502.524048 1450.359985 1401.256958 1477.442993 1621.97998 1795.946045 1875.790039 1876.651978 1884.886963 1874.489014 1857.822021 1856.234009 1900.765991 1953.889038 2008.020996 2068.343018 2073.35498 2065.528076 1984.115967 2048.894043 2060.38208 2070.930908 2001.29895 1991.577026 1995.625 1955.874023 2093.761963 2263.610107 2362.836914 2402.61499 2433.843018
1390.639038 1419.807983 1509.057983 1756.276978 2021.436035 2192.935059 2285.393066 2238.231934 2107.51001 2026.547974 1962.927002 1980.535034 2005.394043 2052.092041 2019.28894 1930.656982 1886.58606 1851.833984 1825.261963 1789.899048 1748.435059 1734.651978 1701.177979 1691.703979 1662.727051 1580.534058 1514.050049 1443.536011 1377.782959 1447.708984 1556.064941 1729.100952 1738.834961 1738.366943 1751.340942 1720.172974 1714.015015 1821.026978 1866.718994 1926.630981 1951.713989 1972.845947 1995.628052 1997.709961 1945.386963 1972.224976 2008.473999 1934.312012 1910.900024 1867.078003 1872.506958 1899.594971 2036.812988 2249.950928 2389.768066 2415.906006 2452.333984
1423.686035 1380.625 1500.694946 1694.42395 1996.642944 2104.633057 2155.381104 2155.458984 2205.028076 2038.046021 1930.425049 1906.003052 1910.760986 1935.030029 1983.595947 1869.11499 1790.333008 1790.020996 1803.810059 1755.265991 1711.352051 1695.31897 1673.275024 1659.901001 1623.863037 1566.670044 1501.875977 1424.381958 1339.537964 1407.784058 1496 1606.546997 1610.609985 1609.342041 1558.954956 1561.406982 1606.899048 1692.411011 1733.812988 1791.034058 1826.686035 1808.567993 1837.630005 1851.730957 1849.989014 1839.187012 1801.584961 1793.392944 1814.130981 1830.239014 1867.378052 1912.946045 2003.203979 2129.941895 2393.849121 2431.797119 2463.89502
1444.892944 1369.993042 1477.692017 1660.921997 1964.96106 1965.970947 2006.338989 2022.977051 2067.335938 2150.444092 2013.702026 1938.699951 1885.659058 1848.467041 1912.41394 1815.572021 1732.619995 1716.399048 1729.796997 1683.213013 1678.489014 1641.426025 1623.761963 1619.017944 1491.23999 1503.595947 1453.612061 1376.378052 1356.354004 1384.780029 1427.036011 1481.052002 1495.125 1479.465942 1450.609985 1442.600952 1488.463013 1524.793945 1590.936035 1651.546997 1677.088989 1696.23999 1702.592041 1730.983032 1703.26001 1726.417969 1727.505981 1762.644043 1811.052002 1856.811035 1879.80896 1934.746948 2007.494995 2139.923096 2333.468994 2380.35791 2450.625977
1455.310059 1355.430054 1503.420044 1632.109009 1882.229004 1850.748047 1841.496948 1904.515015 1964.603027 2029.541016 1951.310059 1927.358032 1870.365967 1792.944946 1846.581055 1719.79895 1675.157959 1651.015991 1650.404053 1653.921021 1623.727051 1582.131958 1564.297974 1535.364014 1417.505981 1410.881958 1376.637939 1301.803955 1313.310059 1337.314941 1366.370972 1399.237061 1397.619995 1390.45105 1383.803955 1377.275024 1432.876953 1492.937988 1510.359009 1550.660034 1578.972046 1587.052979 1569.874023 1580.14502 1659.801025 1678.328979 1715.396973 1798.385986 1866.234009 1905.092041 1955.599976 1995.277954 2075.125977 2183.343994 2342.73999 2399.417969 2470.01709
1383.477051 1357.427002 1429.396973 1579.866943 1813.985962 1740.605957 1700.223999 1780.572998 1855.480957 1921.04895 1850.016968 1861.07605 1859.68396 1742.541992 1727.31897 1677.057007 1578.525024 1589.152954 1604.482056 1594.687988 1548.333984 1503.239014 1475.405029 1438.970947 1362.151978 1332.067993 1302.744019 1239.119995 1289.415039 1309.95105 1297.067017 1302.391968 1314.214966 1301.06604 1373.567993 1386.149048 1512.819946 1519.411011 1513.722046 1528.672974 1555.504028 1531.814941 1535.676025 1541.687012 1621.232056 1686.44104 1712.828979 1827.187012 1909.925049 1959.512939 2015.321045 2053.519043 2170.616943 2218.324951 2348.781006 2386.948975 2479.7771
1349.244019 1349.114014 1352.043945 1494.654053 1609.063965 1654.963989 1601.401978 1642.22998 1770.899048 1767.416992 1714.905029 1747.542969 1823.510986 1694.01001 1619.115967 1578.93396 1521.332031 1544.061035 1539.119019 1497.584961 1458.321045 1445.30603 1429.241943 1395.737061 1308.78894 1287.524048 1272.560059 1249.39502 1249.970947 1232.436035 1249.881958 1267.248047 1275.51001 1280.571045 1392.853027 1429.692993 1585.93396 1584.844971 1587.436035 1595.865967 1616.766968 1604.177979 1604.197998 1606.168945 1695.644043 1745.722046 1781.150024 1879.738037 1947.206055 2020.254028 2075.181885 2158.949951 2212.048096 2257.845947 2355.781982 2447.75 2525.37793
1341.750977 1335.151001 1329.561035 1381.631958 1427.302002 1471.692017 1461.76001 1596.868042 1649.115967 1636.755005 1581.613037 1677.510986 1662.968994 1667.406982 1482.633057 1514.302002 1464.560059 1452.498047 1436.546021 1398.251953 1396.858032 1384.203003 1371.859009 1343.394043 1279.505005 1257.199951 1238.385986 1216.031006 1176.046997 1208.192017 1222.146973 1228.463013 1272.255005 1274.125977 1398.116943 1511.107056 1727.167969 1717.907959 1733.78894 1710.208984 1716.660034 1713.369995 1730.651001 1752.850952 1795.964966 1826.032959 1861.561035 1913.31897 1976.136963 2025.494995 2117.782959 2144.871094 2203.519043 2296.406982 2361.143066 2455.341064 2595.668945
1347.078003 1342.019043 1333.639038 1312.928955 1299.279053 1322.639038 1415.567993 1451.715942 1543.364014 1508.322021 1515.869995 1544.728027 1520.337036 1594.175049 1477.500977 1389.479004 1386.227051 1400.64502 1357.383057 1334.969971 1332.954956 1330.130005 1300.454956 1265.551025 1228.480957 1197.006958 1195.342041 1168.496948 1187.381958 1215.098022 1235.542969 1238.297974 1264.531006 1257.831055 1407.620972 1490.791992 1620.702026 1736.472046 1776.123047 1782.123047 1799.853027 1836.272949 1851.793945 1860.793945 1872.838013 1893.696045 1923.953979 1979.212036 2015.72998 2075.157959 2144.666016 2279.214111 2313.781982 2310.590088 2368.237061 2384.594971 2444.653076
1409.276978 1377.927979 1342.057983 1293.067993 1206.019043 1259.418945 1314.858032 1325.706055 1396.67395 1362.612061 1430.839966 1417.417969 1502.80603 1547.974976 1435.161011 1365.718994 1318.276978 1329.39502 1296.833008 1295.979004 1288.904053 1262.938965 1230.244019 1198.239014 1168.109009 1159.404053 1147.098999 1164.94397 1221.168945 1254.583984 1284.129028 1316.063965 1322.546021 1291.207031 1280.207031 1382.046997 1479.618042 1561.328003 1642.267944 1688.667969 1738.499023 1821.759033 1919.418945 1984.918945 1944.253052 1956.480957 1994.708984 2015.296997 2051.304932 2122.772949 2212.240967 2276.870117 2390.87793 2462.456055 2672.352051 2482.02002 2450.37793
1507.421021 1429.000977 1334.370972 1262.870972 1171.651978 1195.182007 1206.839966 1209.787964 1235.526001 1307.604004 1306.552002 1377.459961 1485.378052 1475.926025 1313.401978 1309.199951 1286.177979 1271.715942 1257.323975 1246.259033 1213.284058 1179.708984 1167.713989 1157.598022 1131.968018 1140.641968 1176.166992 1207.582031 1267.31604 1342.000977 1444.344971 1469.47998 1446.011963 1354.832031 1271.272949 1288.022949 1444.792969 1476.92395 1540.524048 1611.313965 1684.354004 1796.843994 1884.964966 2022.63501 2052.278076 2018.485962 2033.894043 2065.922119 2095.660889 2150.819092 2215.056885 2349.594971 2429.143066 2450.460938 2734.308105 2750.775879 2565.164062
1571.313965 1476.823975 1370.313965 1273.553955 1142.313965 1118.795044 1098.692993 1122.401001 1153.029053 1180.526001 1303.69397 1393.171997 1439.790039 1373.407959 1253.003052 1243.821045 1219.029053 1222.255981 1190.573975 1164.26001 1156.374023 1127.399048 1119.772949 1138.626953 1208.036011 1231.680054 1267.175049 1254.019043 1284.953003 1352.567017 1481.342041 1613.755981 1580.187988 1534.437988 1288.53894 1280.848999 1292.328979 1431.178955 1462.928955 1517.98999 1632.599976 1786.880005 1849.160034 1964.380005 2169.572998 2130.930908 2090.099121 2117.0979 2164.385986 2185.743896 2225.602051 2464.330078 2500.039062 2456.626953 2582.072998 2732.531006 2773.820068
